0.9818731117824768 0.43215322793535327
1.9637462235649537 0.46139383451148297
2.9456193353474163 0.7265567711847005
4.003021148036254 0.7761945267356933
4.9848942598187165 0.7821341624380369
6.042296072507554 0.7851699762414572
7.024169184290017 0.794022233303024
8.006042296072494 0.805787111723814
9.063444108761331 0.7971724400903408
9.969788519637461 0.794365412254715
10.951661631419938 0.8119555333939517
12.16012084592144 0.8091837033995244
12.990936555891238 0.797630012025929
14.048338368580048 0.8064910685477955
15.030211480362539 0.8153433256093623
15.936555891238655 0.8037984336960664
17.069486404833825 0.7951925615228932
17.900302114803623 0.8069398410230837
19.03323262839878 0.8099844542868033
19.939577039274923 0.792614319655061
20.921450151057385 0.7810782272020649
22.054380664652555 0.7666471123104448
23.036253776435032 0.5687032528671574

