0.9938837920489192 0.9233644859813083
1.9877675840978526 0.7327102803738317
2.981651376146772 0.6373831775700933
3.975535168195705 0.6205607476635513
4.969418960244624 0.6242990654205605
5.963302752293558 0.6168224299065419
7.0336391437308805 0.605607476635514
7.951070336391425 0.5999999999999999
8.944954128440358 0.6074766355140186
10.015290519877666 0.6093457943925233
10.93272171253821 0.5962616822429905
12.003058103975519 0.5962616822429905
12.996941896024452 0.6093457943925233
14.067278287461775 0.6018691588785046
14.98470948012232 0.5906542056074764
15.978593272171253 0.6018691588785046
17.04892966360856 0.6112149532710278
17.966360856269105 0.5999999999999999
18.96024464831804 0.6018691588785046
20.030581039755347 0.6149532710280372
20.94801223241589 0.6355140186915886
22.018348623853214 0.6448598130841121
23.012232415902133 0.6448598130841121
