0.9818731117824768 0.41467749978001334
1.9637462235649537 0.5079957762590559
2.9456193353474163 0.741119877980817
3.9274924471299073 0.8023993195084034
4.9848942598187165 0.8170856187487163
6.117824773413886 0.8288680960901063
7.099697885196363 0.8173320036371099
8.006042296072494 0.8290880825976004
9.063444108761331 0.8408617604786903
9.969788519637461 0.8351421112838413
11.02719033232627 0.835265303728038
12.235649546827787 0.8383187164520576
13.141993957703917 0.841336931334878
14.048338368580048 0.8385299034992519
15.105740181268871 0.8415657173026718
16.087613293051348 0.841680110286569
17.069486404833825 0.8417945032704659
18.051359516616316 0.8302584108174695
19.108761329305125 0.8332942246208896
19.939577039274923 0.839216261402634
20.996978851963732 0.8306015897691605
22.054380664652555 0.7812102191065613
23.036253776435032 0.6298683014108466

