0.9463722397476317 0.23770334928229658
1.9716088328075614 0.23846889952153105
2.839116719242895 0.13052631578947366
4.022082018927449 0.12363636363636366
4.889589905362769 0.12363636363636366
6.072555205047308 0.11980861244019142
7.097791798107252 0.11674641148325365
8.201892744479494 0.11751196172248807
9.069400630914828 0.11827751196172254
10.094637223974772 0.11674641148325365
11.04100946372239 0.11598086124401913
11.829652996845425 0.11674641148325365
13.012618296529965 0.11827751196172254
13.801261829652987 0.11751196172248807
14.98422712933754 0.11674641148325365
15.930599369085172 0.11827751196172254
16.955835962145116 0.11827751196172254
17.902208201892734 0.11827751196172254
18.76971608832808 0.11904306220095695
19.95268138801262 0.1213397129186603
20.899053627760253 0.12287081339712919
21.845425867507885 0.13818181818181818
22.949526813880126 0.18181818181818177

