0.9818731117824768 0.3768134221101105
1.9637462235649537 0.42935499956002676
2.9456193353474163 0.729469392543924
4.078549848942586 0.7762033261959931
4.9848942598187165 0.7879594051564835
6.042296072507554 0.7939078403191271
7.099697885196363 0.7998562754817702
8.006042296072494 0.7999618690053674
9.063444108761331 0.8029976828087875
9.969788519637461 0.8118411404100547
11.02719033232627 0.8061390901358048
12.235649546827787 0.8121051242190478
13.06646525679757 0.8092892969231218
14.048338368580048 0.8123163112662422
15.030211480362539 0.8153433256093623
15.105740181268871 0.8095268823512154
15.936555891238655 0.7979731909776198
17.069486404833825 0.8097556683190095
17.975830815709955 0.7982107764057136
19.108761329305125 0.79834276831021
20.0906344410876 0.7926319185756605
20.921450151057385 0.7898160912797347
21.903323262839862 0.7811926201859618
23.036253776435032 0.6123925732555069



